project/GA/Results/Results/categorical.continuous.feature.asc
NCOLS 50 
NROWS 50 
XLLCORNER 0 
YLLCORNER 0 
CELLSIZE 0.5 
NODATA_value -9999 
[rows 0 to 19 of 50, columns 0 to 45 of 50]
24.151542013609799 9.04633452555314 7.53288590179856 14.1812726205022 73.8059187023746 11.7416047129406 4.80657410307917 4.22457596959624 69.8701998240366 67.8434601958463 7.30883543508516 8.05277377591283 68.7107700351988 5.16103588362097 6.18220568060595 3.66330529992205 6.09573094792712 6.82756015927577 6.98957991787202 77.1804337353255 70.2486663521763 159.986578719882 162.400672156383 167.583886565411 69.618763053112 68.7427771186146 71.658872868673 35.5477322154386 27.0166978526818 33.5024142562444 30.3756044335601 26.1170476381759 70.2691777945263 74.9824147539862 74.7126565403656 31.6203537868398 73.8450377805387 72.4047843190376 72.0986611708978 28.182921937892 68.1838014679094 70.2179573628865 66.7113438585248 70.8034800138079 68.6071366547792 31.8306228329674
14.015125432417 11.3345650192144 11.0003278428864 76.2917846579298 73.7160678260451 11.5227626086052 69.5450339647343 66.4407690523705 67.6853526671559 65.5106979550411 67.2177197728237 4.59658374111937 70.7281111404407 16.927754461451 8.54497941005666 69.3827851243977 7.06994559852974 14.5259867945908 10.1273535832046 5.55494677903134 5.73866815492249 156.749622855036 161.16736776896 159.040783024205 72.9979414103206 71.5068577081035 85.0610306795887 35.1743445636025 35.0463438960351 77.7743445230635 79.4873340283715 35.2892078979376 31.1130296686145 34.6161631169584 39.4310206662843 81.1569910347619 77.0424792533011 72.5413823753219 70.0180253816525 71.2047652699017 69.0552564674092 21.1656289469944 67.0694069193661 70.4289082398644 6.50054587765422 78.6931914575418
14.7322118594849 12.1064634767777 10.0745298955558 71.6704299105062 15.6484724070131 69.4402183792672 22.3286341935077 23.2255801772777 65.6765090431051 64.8700469957324 69.2164879619597 8.3285402179482 72.3127979419653 13.0918804609574 67.8758415597817 11.6794540867661 78.6001262319942 72.0433163907354 6.25931987398078 6.09707169929035 7.19004281573624 156.365482401601 93.4374490956661 159.4008333537 68.398219615253 71.4318310428872 71.569899764332 73.0317135190278 71.1239227211524 72.6747531459419 34.6983860676653 34.5768665357804 35.5005714052123 80.3513973140727 14.8068564967762 77.0334430948438 15.0078278948121 9.92347082794432 65.3372358015566 66.8287883893114 11.1712048646329 72.4086126828651 23.6886661404158 25.3112852365398 71.038306637578 75.8479240512013
16.1049463420123 10.3728015771182 6.78321187393791 6.83686398173215 71.8300622261176 72.0676080727475 25.7618739451173 67.8172300758686 71.4335223230981 66.9017291941629 66.4628640336457 69.7688012446105 26.7665984628163 9.94939581050598 8.42292578980134 11.901788300287 8.71792002393765 7.36868359081961 65.9387422540521 70.0967094387664 73.2462904119225 100.408394244013 98.6385761222208 95.968931610914 7.06015329365483 70.6108457414455 31.4866767057706 78.2022789074914 77.2442417534456 78.1299711941358 78.9821913497695 39.2218584713536 40.4186511176642 91.8121899400676 22.315964341359 12.1622508389414 8.87992928825822 9.50175588558529 70.0211667225111 66.8392669663515 70.4928973397543 71.6555778514127 32.666904134402 26.4826393203537 28.5766919370546 72.2084713934205
10.809005386446 68.2051246167088 6.67838123205408 5.05991892166022 6.38046577987934 70.8663715304154 27.0802280818584 66.9928934232881 68.6225392486285 25.6644364272728 26.0559896157707 66.4006545832692 68.9045463733147 6.1394856611912 70.0717493287742 68.8614848128761 69.7735440950102 68.2483857471745 6.68034262253585 7.49161207529527 69.4956808385386 170.923157747557 98.6495158935021 94.4851784455858 67.6380942612379 25.1173533806905 30.5502887680891 73.1131967202045 72.8087582861168 72.5346610267568 31.5307154466855 83.0003946864705 46.2822256836144 82.2285569131882 18.8000310343721 20.953177045829 68.3074839112774 23.4208549498592 23.8494510436387 73.2874682269842 74.1277942360642 35.3144278281 37.0813251932971 27.3340004439654 69.8002828442175 73.0429836380412
6.86654311368868 4.93735967987842 67.5421308737912 5.03810694905569 70.179164513807 67.8873007278902 26.943737580598 70.4242581930809 8.28357602068947 67.6362851228624 70.5832932587649 8.45484343730113 71.9197418664575 5.72827034658089 6.00014981396733 69.7244470466415 66.5423541938865 65.5881680669438 68.2493787972141 68.9245324903281 75.9524104835447 120.676433581834 155.760855395561 93.4689709279973 71.3594953350331 68.9264071028925 70.8740823616952 75.0834670565352 80.2633044509989 71.519308434981 11.1705196924786 74.3721420079984 37.0923793921121 13.9678874502547 87.9578445596458 12.1624367785738 12.6532039374264 70.7514210992114 71.5949847993301 17.3786426274194 35.9447000504483 31.861938559724 76.4745174679474 72.067144277167 70.243067475576 71.2089511687293
72.7647296367796 70.76475786546 26.1921000672007 70.4240605878176 70.9215891046288 71.8618026579954 65.4867780255388 67.0199035495938 3.8703211147371 69.0947171162173 5.78049073120165 4.87728759288199 70.4372804744826 4.32913552093771 4.87265138273461 5.70453130093415 67.7642025451691 66.6500487244079 67.2194038930445 24.8434196565662 8.26853372378655 156.171336535497 110.725095474426 153.904028361083 70.3099301367196 68.8049112460691 7.33564783789569 12.2208590713468 84.1877151420397 17.6707590896291 12.0704049423222 11.7792738206386 73.1771395586234 75.0147254101773 34.6172081945824 76.3717270123865 8.23306649800108 15.8641013564591 22.0650592396138 12.5776139710411 72.7622603072554 31.7618827867932 36.9009161487322 74.5040106429279 73.0018604000382 9.82874693202131
78.4375882208594 66.4386088080624 69.6100092367789 76.319658182498 70.6732843274755 68.7934634247341 67.0023885082625 5.92911320087555 66.4648701585633 66.7690180464583 6.4888509852909 67.2215108293369 66.4815344192698 6.50473696534648 4.52317716953275 66.7627991773637 4.87333975512188 27.2246381259249 22.6895821363015 26.5862303949426 70.4891680052173 155.754000217285 111.157168239835 157.433370006894 24.1761346222699 26.8592908215235 8.85504119570498 6.41436934882607 32.513994545818 71.8729823939699 7.84174843914039 10.8440696930254 72.1544008331484 18.1884660976041 10.2647114581947 8.72192477003698 9.93553809695154 14.7153296840599 15.5107216608624 70.0942279210645 74.1715122516443 79.6901292126588 74.8876480471225 79.1724099036858 74.3936064723361 76.5841329549905
7.34218069333015 71.7848066215764 27.4371843884294 32.5695446828909 68.6031474421575 3.65124456377164 65.4870177538772 67.7204808559274 66.6017382250411 64.9807997827823 69.6219861939698 64.4162102155165 2.45528020656166 6.59689960414239 8.89977169243481 70.4364359428268 24.1077601460402 25.4059699749792 26.0504763507897 70.7404741679266 71.16222877877 94.654082013031 112.478925782742 158.446342252526 72.0880724177884 29.5274873766398 69.2014605039369 72.0781140964669 32.3424715328211 25.5790059774736 69.5330994336281 69.4423044263266 74.3663108126909 79.9175790902885 76.9117883326555 8.26925149014546 68.8136313168523 13.5242773415807 12.735637842868 74.6216396132737 29.4917168995379 70.706714362295 74.8726876205868 75.710475957292 72.333542072312 70.1678652052157
12.1445818646305 74.4191840341496 32.2494324427918 28.3560471028822 68.9625608934638 4.43039984601193 68.5318171244317 69.8191226103383 69.3190314135625 66.2772040326187 67.2452512120697 6.09529408152518 10.0979920490472 7.73311765899338 11.4323731271854 72.8946628090012 30.5579277051399 27.3525792969892 30.7589687266254 32.9620265370531 68.022524883987 94.7226228291471 112.51390350298 159.234690531776 76.1233715356676 26.1979144903976 26.2313514294414 66.6487763199139 25.2566962422981 69.8165659011055 68.1153128393644 66.6190979451483 67.1446463058099 24.0071628441554 70.3855641639203 28.8169657526244 75.3121493157119 69.9805330403641 74.5992200278938 10.6183887864113 73.402627561701 68.6449210363067 67.782523544131 68.0484822981379 22.473391220413 23.20420984688
75.7026826664817 90.8534980101751 82.5370837059356 28.0906568775861 22.9524277668141 7.77870337714659 65.8684428165098 4.65754799180495 69.5647608374761 67.2721091852935 70.7769844885109 7.89447780399059 13.3185327815871 10.0093289491428 7.26464094440538 71.935029305297 26.0729929239022 71.1507461343643 69.4643798068556 30.350521184406 67.4532580840688 94.3669030458021 98.3367670380798 157.631850568746 72.5065078270132 23.3163563403022 23.4553645976059 68.2999249091921 68.917468975602 10.9062367436646 4.32536072073138 67.7479063863883 25.6868852877825 69.1558413932958 66.0907973580375 28.6447852892719 24.0145517202949 67.4378434440759 69.0314843888566 4.96654930236524 78.5808504792157 68.9495857217245 67.2824886674403 65.5645824201786 64.808426503653 22.7786207723721
16.0089043582305 84.1333356534009 76.4375654265722 68.9524343348599 70.6499732577833 70.0041191327786 3.87937122009316 4.61049502074007 69.1913569594938 74.3075611301282 9.46352812296483 16.7765034568123 26.0406029875356 11.4614293785716 73.3720641027668 70.4277630556789 30.0458479106033 70.3096170250619 8.16276055065261 68.9881547831951 70.9949063909991 154.176114124724 95.1016785710851 99.6627913722747 17.4711223699809 74.4830859370948 36.6844059783003 25.0872599590713 68.2597443276629 70.2057953992328 3.72456867461099 65.1793106672538 22.7824819240871 24.5701122506039 24.8807991344703 69.0709235088226 29.336568524898 65.939105897588 68.7692987171664 74.016773757347 72.1210957537243 23.5253435242433 69.7003582818201 65.9127407062278 65.6286681694844 23.7107462055381
70.2573914133636 75.3895806144265 72.5776006586672 69.9564551506003 74.3543386925937 25.2581219151119 65.5514617783001 2.69195841541383 7.40282297073107 13.090229626698 14.2969655077426 26.4583018739091 15.1440526224198 12.8454684260471 8.68736430622986 72.2361036456198 73.6014172821478 69.9360417991847 8.09124706331558 9.63500366139804 6.64038820656982 115.423521333451 161.131866721975 124.043150294209 75.8983211560909 71.7420493574612 22.4943198143841 69.3560332617186 21.6936243623556 67.0467633757895 66.1447034792878 65.2255016290359 65.801246803546 24.2798855243086 27.629599538628 69.667708733603 25.2503182297883 71.4794658344863 5.12237560327273 9.3393909665135 5.91154284802202 66.6354695817551 25.0310992973587 27.3067446807922 66.608658664877 68.7534834299249
68.3704611474718 73.8478527514097 75.9624555645951 69.8275515842719 68.9870813040557 6.09259967343531 4.02494022220673 3.34936586774847 5.2925194885377 10.9832000403432 17.7856142781756 18.1308266276573 20.2059191033857 17.5390971815945 11.0046094814971 14.8118147413496 72.5668196355984 6.04983959356414 72.0446111406495 68.3490668727752 18.3316807524519 115.225075571077 111.826700231294 161.506738389146 70.7909826903089 74.5110230127515 70.068207608685 68.091017916321 66.0775050574328 24.3011678384282 66.2006056802858 66.6757388788505 28.6753952304275 70.1187319242751 71.63862940006 69.726478191075 25.9836732900226 28.2238953995022 71.1568740415341 9.67956394557613 8.35757297114443 71.2678602756256 71.6820536725825 72.2261503755149 73.7603445326957 68.5152275903955
73.8482368357672 75.2582772552712 75.726543924671 75.9916386650046 73.1855878991319 28.5109419238393 6.90731458656462 9.25033619856458 10.8367660655265 11.7264390358571 11.2233524513953 19.1812610169532 87.135074732947 13.3295692040455 27.2203015929332 72.688191904721 15.5852512925 10.3716029776808 8.30824524302599 73.6914976704057 75.2458827040237 117.235092442313 156.9558858912 111.421051328077 23.9733089094697 11.6253701989736 67.9453528661896 9.77529933277114 66.4326592573131 73.648561100451 71.7848569647414 35.6715321464147 79.5998920974828 40.0702727519818 75.0749884796804 74.2217252203924 68.6867838061285 32.7430153840643 82.8747285651832 8.06496795448041 9.64846063422388 16.2188137126816 72.8648737306415 69.4997695775904 75.1540111828152 69.0814392905699
72.2574983681916 71.7702438946565 30.5769693764465 76.4468602002463 29.1867437829931 27.4049717373454 65.6857565300553 9.84171440432842 12.2233239637997 12.4897532269027 13.1589873567153 85.3636397440945 77.8922381723785 72.1261897494485 67.2994383753267 6.50658667005704 11.6501877244571 13.1773314686971 11.5686305802492 68.1283314879216 6.5147186207089 156.077218530033 155.887758719695 159.019181565905 65.4110980464609 26.6473187705023 24.1390448790077 73.4687655932386 69.7601281883142 23.866608815982 31.1061704936368 35.4150803794865 73.7523370250782 75.2007130232533 34.2187635624187 73.9056431807168 72.1336169592957 30.194307425359 69.3379645013977 9.06646694291637 13.0892391376328 15.8172013096364 80.3449987545119 73.472705501766 25.9546191071231 72.6637751241822
74.0352358067623 29.4126233856492 26.4327012805653 37.6992146886655 72.1605620318256 67.0937872550947 4.18271487080939 9.98722997989117 12.8190766832491 78.0239062611618 77.2253825657616 77.3124336298181 76.2335842473359 73.1108682175391 32.3090346592388 27.7912562572609 74.6408827818406 15.0297814637602 8.56901687234284 7.51548006535531 5.5956201401677 96.784618550715 96.7611704210362 93.3440886846307 7.37517636025677 6.2039876217956 69.9563361254604 70.5669233655591 71.0535435948905 29.6922511752367 28.9797303381694 72.0638769947316 29.2235828468773 72.2950949605611 69.8224576906617 69.8616781890539 24.2433375223963 6.39977688420893 6.29766382005505 7.78313283999695 11.6975131803961 11.2414122996991 7.51016047207071 69.0030501069398 24.2801786568237 23.5636063572317
70.7491625397324 30.4234970691407 27.0805422192701 72.2483754153401 69.1487001815405 67.0562479022477 7.65369689029363 68.5034524071732 26.3072461741233 74.5861689803325 76.5620218304176 24.0805675598465 29.3377723597463 8.32935009244349 27.3764033832253 72.8621171363657 13.6159711071149 14.8879009806287 7.63906391431594 8.02183850450459 71.8432804574287 97.7173885706759 95.4150733658278 95.7150783374548 8.36010348329283 74.2743245594601 71.9917775816445 70.8565052592669 73.9050652979863 5.17537452342125 27.248918863401 31.9191064608401 68.991974449396 71.1225747502509 32.9028130887036 72.4125470597264 25.4827422096769 68.2071378490654 5.54961972663211 7.153688240434 74.2130049759645 10.0291844846525 71.9503177251859 68.4544573460283 24.3734271959547 23.1985515314237
26.8728618984884 74.544367096081 27.5144917490115 33.0582091745304 74.4997527413946 70.0938992678597 67.8327724120257 28.9191573488801 31.9922064925297 32.2285830977996 72.9863023668953 5.31744034385944 71.4375019718783 10.0489869419844 69.7850115416734 75.7165474599643 9.1389158996299 6.349995256805 6.53991811661782 4.0029126476904 6.98804807708461 92.9088680936354 91.1972087584315 94.2583789824257 11.1743146899294 73.5697747750599 32.7792176618076 69.648530070767 17.7342557939045 70.6992668133982 28.6832226944968 71.0372770158653 69.8550639755393 8.12352119817328 8.49276156749128 74.1246510863913 7.42996800279462 68.5652354237625 69.8010817602982 72.1177795234782 13.6325985097223 5.8624221416349 68.5042464110652 69.9455962003894 68.5810676052028 23.9165238541924
72.005557516801 31.5401620850037 75.0621367581064 36.4398788211822 12.2327871841221 71.3479995172765 70.0643772387745 24.3417328020447 70.0323177004777 71.1031352067491 69.0585405810903 4.50405022396932 9.05287430233941 75.2947354024445 68.2666841828153 74.0795221714752 71.7847732086757 6.86964037930344 8.14246330411039 2.34006189930151 4.17166173799092 93.9949592983629 90.9157929389381 95.8489647037862 11.8725442263088 80.4203111663 75.6115020692125 73.7680061734311 72.4228880918377 72.8622400421541 26.2533604935924 6.46109073091766 7.86294776163658 10.3504666214434 89.9739317759357 77.2619348195502 67.1940252153381 68.1282043606629 10.3152847278424 12.1806430990037 17.4742143968273 19.3805495434204 7.44752772393106 7.69225640100874 22.3561138346654 69.1427002625084
