project/GA/Results/Results/categorical.continuous.feature.asc
NCOLS 50 
NROWS 50 
XLLCORNER 0 
YLLCORNER 0 
CELLSIZE 0.5 
NODATA_value -9999 
[rows 20 to 39 of 50, columns 0 to 45 of 50]
69.6094312530263 72.4063558264149 25.1647771898692 30.4990468165435 27.3532071941633 73.7159307756631 69.5142579575655 67.3587742410882 71.1428388298192 7.39050369093911 10.0707654324518 2.24936946809249 68.7020653157472 28.8379585923284 27.2846713840138 71.9841676754303 68.1212023469616 10.8394851045032 8.97099837083 6.92202140330649 8.11115625525867 90.5756056921966 152.482510446679 158.423158182587 73.7743032646548 72.8864206566418 9.48733221271145 8.44053172368519 5.60223485977647 6.25343437454405 70.8324108763415 72.6147275930331 69.0929529486612 74.9080295752794 87.4051492939114 77.7909240456774 68.7655459460438 73.2506901788143 9.65306614716161 72.7817129672377 14.3514258895156 14.2198662195358 6.28955300694827 3.3518775029742 64.8857778917034 66.4397455316367
29.1551309262822 27.936192080454 27.7127457903777 68.534518439459 25.2110063617198 66.8228891079548 6.09818883721691 28.5548668708405 69.464161269873 8.16498902317985 9.3182456987052 9.42116729025021 71.7259871024432 23.5652092548602 25.160052959838 34.2649815578313 70.3489977784928 72.7850969576836 71.2445054725233 5.91062345468166 70.5177704944157 110.854601052324 154.704192303812 156.495120657694 27.2975084617344 81.7805258672022 75.0865495816917 10.5380824313226 5.298186241008 82.560165668757 73.8461629379683 27.232066247389 69.66288825776 68.6589582463462 71.6474601269351 70.5128318363464 78.173603812777 80.9892811967901 87.0288399885481 79.1683441656787 16.8456060783611 8.0240895339093 5.56244790230744 4.83892262563344 3.79506977680368 7.39577311797827
29.6594722066041 31.6435086578456 39.2567729217793 72.8777529410246 27.7752493620374 69.0880415577994 68.1125214372444 71.5948420934933 28.9855164239813 68.8185726468434 5.42590081218288 4.46327462455841 71.1636813030317 67.2107385073249 26.4506938939421 27.2561839456306 24.4756673882819 68.4460978158678 73.0366260518986 70.3452462296376 71.9680486961332 158.86176066425 93.1810804609743 158.018777588281 77.2825180263245 16.0464222180494 18.3259343688243 73.4965608568038 71.2110087708027 70.1204653167708 7.88980508591471 22.8226573668861 24.4216063363012 68.611892301356 3.28258156241353 22.359353830433 74.4881648218594 72.9355016198806 76.0058795589088 75.9231913748941 78.4635622595271 13.1053594184646 10.4979398286806 5.90115000592459 2.90593370723209 6.60235061736936
25.3277779377996 26.9174120621762 73.8013308740068 69.8558263929649 26.3302807479492 25.2841826597146 25.6995719382733 85.9273967566637 70.0160625004753 25.4041933664331 5.99206916301103 67.3102443230772 69.5218746555287 71.5396848786567 69.5252425475399 72.8820615828171 71.1012628384691 69.3422384246991 72.3312362427659 74.163761399697 29.4455551377701 163.160820477272 152.184066350722 156.197667870312 80.2370059156134 80.3992143589586 75.389666496934 76.3146265761302 70.8967337269235 68.0034711038694 3.13038634714098 67.8033928064934 23.4728900130392 66.7336101945217 64.1461132152909 66.3662415388586 25.8453656952243 22.6702997848547 66.8442463120496 71.607344558761 72.660151359252 79.1836543341243 9.55740777072112 3.70856556245992 3.3584185457516 6.43803471567079
22.8861116982458 25.1283150960701 69.9632870417956 74.1708059034983 26.3784542761171 22.8172938700684 74.5166802979286 76.495908723501 74.3132156262945 25.3913501565381 66.8147987091237 69.9875066068135 68.1565268670163 69.9943545168711 6.80553068935728 8.03388609769165 80.3656346743772 79.1666840589327 78.8971308059777 16.5805331464453 77.1543832827836 155.481614061133 108.576744949254 111.073243423836 25.6879080344825 30.7715830563456 78.8972040499723 67.1868903560314 7.40443100090509 68.1100232763931 68.4242394553336 66.2904240740879 23.3426514874204 65.3283756819092 22.7632016997315 65.7959219799757 70.3496143957855 65.8870688080224 23.1488851652295 71.9649318642309 70.9525728211368 76.1412971552466 73.3612810468656 4.81925141080373 3.16708481559295 3.52086849128375
21.9613138682202 21.5455671865065 66.9204940774779 69.2618379632195 69.6777965170542 29.3228321770964 25.13529566669 30.9285865706573 32.0830072828123 72.8155276117286 67.4691186528498 8.54182032694457 68.172408989044 25.404974534008 67.4944464253601 70.8269438076366 16.7514801952253 18.2363796193336 14.5216707670069 8.40530712151343 73.9655499315417 168.25793425459 157.422570719094 155.673855341457 25.2547817696281 29.9305072562768 72.5959329385884 8.70046495786438 11.2664455124305 5.08956609822036 65.4767739289399 21.0771826834293 20.0815805398098 21.9451650969771 64.5000587538502 65.2200054379097 68.0603291144115 68.2764012725981 22.7872373548985 21.9310803590429 68.6695216917955 25.6571663950616 70.6854773857734 3.77697097593208 63.0145374854281 64.5727674951912
110.432607883825 109.792133112725 154.825995864604 154.431110897059 156.08366431245 113.319435538954 112.980129484704 112.575541895737 116.69091452193 157.296789741564 157.319727141665 155.86208655566 157.376308756261 112.175463895637 156.294605344966 162.662568827511 120.315674006287 167.05806986819 159.774343849278 93.0109079408251 92.348335838708 120.262536522384 117.109017081166 110.996428864328 113.682247253918 113.795937591623 161.085499441101 159.149264648434 158.556744657534 116.898405012526 110.071943900947 152.470033093269 108.764236435403 106.187038549967 107.254338414627 153.339561468683 90.5922370412258 156.819305331151 154.241433378244 107.722657295389 107.660481511686 109.060275127538 159.103508461631 154.283915970831 153.61908232031 152.191263105158
21.0718717849147 20.2631176124838 23.2418614104839 68.3883500633033 25.6917310761337 24.6140263636461 25.6224471944434 27.2782895799944 28.0962312574925 28.1829297057084 67.5302081910201 72.2237404126559 69.763069620655 67.7278816454477 74.1041723759006 69.0956507944431 11.3875350964757 30.6851750341738 26.1500702436048 4.20638669123085 28.546827447018 116.354473273527 114.86245891244 112.431363161439 23.1427370708992 23.7659190298746 7.39076377383818 5.86970907347794 74.7932668300787 28.4869127052714 68.6595887035728 28.0750148235345 21.8061427547017 22.0890182649338 22.9150761169692 65.1680687873007 4.45275182422626 4.97001492778517 3.98552428818868 21.4137644331993 67.2316514308916 71.8259663938163 68.8702639600919 22.5088174565712 24.6295452696119 67.7476369958922
69.5802811462451 68.6235678216161 22.5994327913537 25.2838877495226 23.8776304299207 35.6350985919306 29.6512970926857 30.4003462979239 31.6247552621202 68.9565374192578 30.1864435879703 76.698399437071 75.1579778648532 67.7432851328101 72.2996863381547 68.497814611456 72.9226353871625 72.5282162326683 25.1079824179642 69.3924049436801 69.6338809615335 116.494298973596 116.208941543948 112.745739648159 20.3666269596547 27.3635312986964 70.7528597031383 25.5716991463579 73.2280403070313 78.999121948043 68.600692804489 68.6650153142277 22.149987816257 27.6912087047139 25.5532288098634 70.0729983992614 69.8810392131209 70.6488406341569 66.0311222978311 65.475187928705 25.9045556204041 24.9467290379671 69.8747770585509 23.6946765224006 27.0299989142583 69.3853960668491
67.8995387876359 28.5219131558402 22.7193240585222 24.6581547150844 26.1580540955541 27.9456720917712 28.0655876319107 23.9929209637393 68.743907664392 79.8975353707866 76.6850773567335 74.9461643921035 74.9189857261758 8.76678725114949 26.6080486053484 21.8006915303345 70.2104346781661 76.9012067132735 73.6373953641631 73.5517659928831 27.4011100197262 155.56887018119 114.398275730975 114.856330650416 24.8382826639458 26.3781020821537 28.4621095479496 31.5010520617893 30.4348004860994 80.3317228470305 72.8914893842494 31.0131711677361 28.0866918913556 73.28462282444 74.3672265945843 69.0760158081739 27.3058769814222 74.6524479551792 24.5372979321609 22.5199656191181 23.211646411177 67.6992454236617 5.42322851922846 27.1145438055154 29.0289753254396 70.5986410449075
70.8667927558176 32.3900830400355 23.8930238666653 23.4959118188173 32.3175866313657 27.8575048668918 27.768565621103 25.8173028262891 72.1096176572216 70.7903155143742 72.1499691042112 70.9376392944492 71.1822364549117 69.3574892125461 68.0382172233905 23.527693109903 27.6032291570213 71.5817829025658 77.387169791294 74.157356526294 73.8101675770496 153.783121149767 114.677315676624 115.158818159039 32.6266871545732 27.033394792375 27.2438773527879 24.2501218813748 27.5299489934306 31.2717619465152 74.7506897870594 80.0237480054809 79.7575244877599 74.4630345297568 71.9041619376379 27.6539224520899 74.2234959751009 25.6728517028154 23.9500436471529 67.1487859188761 65.0469720802123 66.9928413296796 68.4647705014862 28.541292363879 24.3386222687889 25.6984566373756
67.7044133028153 23.8197784134456 22.5301879530185 22.1232653841911 26.9797095401331 30.652636292415 22.8164449897475 22.9995265903539 23.9809881668034 69.8124072296044 26.32618565751 71.8564248065873 74.6070338121295 68.2089520847953 22.6304697178742 20.5936886560373 27.3854952531165 76.4616073497879 80.2335132078367 27.7716248511676 68.3929115280063 113.784395510997 116.371685194192 112.341620966161 30.6889840684257 27.4240633323336 69.6802477640832 66.4125859740264 74.0909341167281 30.4706715240955 80.9737104457079 90.9577380470251 36.5973921016058 41.9938997584398 28.402433259102 23.9875462863077 27.3832396518402 29.5195263611086 23.7486155284371 71.1579576897824 5.72482471077891 65.5964923131976 67.6529492803859 28.1584961644604 68.4671508338022 23.0912461544296
67.8111099007828 27.066040457573 26.8083994882348 22.6976090946442 27.5828022047531 25.7253535164124 24.641382992297 21.1522023618014 24.2252962274258 26.7533911790588 27.4161339432512 67.2152136907961 74.2546022728683 27.5711025459475 26.3275170982023 24.4058204303354 72.2857342375202 72.6049736486289 76.4525756393407 70.8525892569528 72.6335259750998 115.182944332421 112.247495868005 112.555214482803 29.9629165180559 29.8854108141797 68.4026750892612 6.55986967596597 69.3706261338748 73.3239519917307 9.41010005894998 76.6863506196886 38.5441617058638 28.8520827635442 30.0101285110043 74.3091458800343 70.4482087137431 71.0016691835086 24.6490676465764 69.6559050133147 22.8062552699926 67.0995490189114 24.4869029365851 76.3954847871568 25.0423811379749 24.9019221922242
68.3381611832172 25.3747146700934 25.9349083962771 21.4285507595114 22.6698206667133 23.1775791401103 24.5859305242867 22.3943309946813 24.3062517587498 22.7204924176889 24.3794392600731 68.3827780939191 25.2056647582993 27.7088506832432 27.1840606683593 68.5419648727852 72.5729742857571 73.2143308276365 73.120004376633 70.9226718738006 69.0202730747405 109.850158031032 157.235539485108 114.431338308496 29.4887585019774 66.9054785464868 8.3829976838147 72.4232632347986 69.6089102596972 69.7613432099954 66.9276766227939 32.3139617107157 31.237006251507 28.9950052910126 71.9700148338489 67.8329839326878 30.8790819832005 71.589532033522 27.5076489608343 67.8801896086453 67.0447135633194 22.6695192405151 23.4719465510899 71.8341355745433 30.4575928275247 24.8088320428016
14.2762139692902 73.4481430781975 67.0744180813011 22.1043787874369 24.8226923911424 24.3359986930415 22.5677826412478 24.5523680896325 24.6236388074708 24.1214187919596 24.1011816206534 23.1789054070395 67.7402883098549 25.700778486568 29.1757713975339 69.665289868715 10.8976305830755 70.9196542832632 68.7977190753761 68.5673734521205 70.7592038941391 93.75097553303 110.533521283411 157.616335171426 25.3795877621901 64.8487280245848 69.3884686558991 70.6581116850163 9.21617489507046 25.3482595991501 68.8857037747379 70.3835442419349 26.6786673573349 23.5502426969194 23.9742941865306 23.3907939375145 27.6395008304631 32.347603992266 27.2949682827353 25.2926524365196 26.6649128105942 68.710083164906 24.1328293427514 24.0111529560904 25.0420566255003 26.5752875824119
7.0210020877091 69.7298583238393 73.7913829274413 23.1339994271187 22.8876747736696 25.4530133454461 28.5988261100972 25.1568646518346 22.3403715500026 21.6350420616522 66.89197267232 65.8640227326984 4.86631287083724 71.6181319565435 29.0695195187935 71.6684972279606 68.0073385630096 71.2293536496115 67.1616536025808 9.92964324016489 70.1318809466012 159.045823045179 155.219416464605 153.355285375022 24.9088330985991 65.2362236495267 65.7436338446619 72.0957230561097 31.1889120471224 69.5475596052862 30.1021971603686 27.3759817751441 24.4773394662025 24.2324932353078 24.9922430370624 28.8351915620919 24.0751324605582 24.540997694188 27.1913696864564 27.9434900007363 3.58591056869671 69.0421647640003 70.6644219688632 67.8389915708509 25.041205054738 68.704573114543
7.77697291764468 68.1808729283187 11.7285398141642 26.5845893151244 26.5202645043768 30.066677385486 26.2782931251135 25.7861202301208 21.8250195828835 64.8294709940413 21.7090161637055 5.97151465203742 4.34596126952045 69.2390756422782 69.576477486408 65.6348660444348 68.0814185148138 71.1642102743333 28.477185835831 80.606993660482 10.4647263188705 116.587492143598 154.377465581987 111.044971532078 22.4129025409885 28.3909402885182 65.8175708068256 26.0164429002453 74.298661750268 72.4786021628854 78.1849608381004 26.7455990160229 64.9307652485195 70.426337536678 74.1286237082479 75.4671904686223 68.9742019434863 23.6162832291579 69.6874999773538 73.9783660713807 6.86044645286315 68.5646097149182 75.4525502480422 75.5290017863584 10.4016021863422 67.169582435993
68.227281893791 71.4643842300498 10.1173671485164 8.43547321804209 71.9162591807981 77.1758423609872 26.3324260581234 72.7642090837119 69.6639704318226 3.48102325180562 2.70667472675823 7.46511341736987 5.66505778917451 73.4305549513467 68.4642124081794 66.1480579335209 4.72029074972253 71.7172759945739 72.2793651451766 12.4097714087539 70.4455967958686 156.220497648868 152.460793401315 156.743760983542 71.5822759516852 70.7058510879016 70.3339638977798 71.1444823527172 71.809699268738 72.565808253434 30.2931959067005 68.3024570695757 76.3847095875763 71.4517149299646 70.1345193677953 70.7174347719135 73.2854298416702 25.665536173389 67.7605947783349 71.6201660538754 70.5105497390605 73.4776768456817 73.6459700281491 71.2205007188102 70.958958040291 65.449877964476
66.1490225337258 65.2793527067626 10.5182928896879 6.79795572154535 6.95161093969319 10.8780118376961 71.6884005323537 29.7005661975882 73.8308354476301 66.4005154068841 3.79983128573564 5.80950422924473 69.4118966161738 25.6927422889256 27.615762705791 66.909770628135 67.5296291148043 69.9026082553213 9.11576671097649 5.92828647064792 69.0048088084594 99.0748262039708 158.65310662784 160.936997431857 71.9713483342907 71.9072563552067 75.9474552530856 75.181611204027 73.2091556019994 29.7304249730874 29.2448923458733 70.5382506086712 65.43226596214 69.3430127658325 69.0049152104166 26.1391188367602 70.2601088415143 25.929488558758 66.2681210758233 66.0620906455347 67.5310606263041 73.2518216291372 72.6971519834416 73.7632988769131 72.161817990432 70.2802574444035
66.294086635293 7.00192379467248 10.2354610231527 10.4416728532729 16.3210990965403 10.5737181575596 9.3839514737732 76.8387344220434 21.964314190808 70.2150763668094 72.0238942598419 68.8717894643561 70.4190749657069 67.9256500822716 71.388979237565 65.0594690093173 25.094655920599 68.0265575465528 70.9152915929571 70.8502134409593 7.13303043376605 97.2913000001031 99.9043408581835 101.397506582348 10.3480897051397 80.7933653166679 76.6746320748746 34.5604418628283 34.7948781380367 30.0463650285384 30.7681014546575 76.5145454136581 33.5360104669254 17.9714513178672 74.2541031262053 27.0531961542081 27.7085306114879 24.7791159506186 23.1739940078938 67.5360940694989 6.93017874815291 8.47116603320132 68.8266764315394 66.5228245417309 69.9100523296434 76.316488153356
