project/rResults/Results/categorical.continuous.feature.asc
NCOLS 50 
NROWS 50 
XLLCORNER 0 
YLLCORNER 0 
CELLSIZE 0.5 
NODATA_value -9999 
[rows 0 to 19 of 50, columns 0 to 45 of 50]
19.803506096415600 7.50596622201009 6.4556227408888 10.7642695386602 60.5549956780707 9.26655846750171 4.41115321367105 3.94186184975606 57.9305460835338 56.4434152069669 6.29562226098975 6.82221191794224 57.0938866589578 4.69048268950263 5.47091693991154 3.47536143380538 5.40612237692781 5.94758127081544 6.06542854166997 62.6106708548063 58.1964261751394 131.889959492077 133.407779371199 136.421997907981 57.7520246711403 57.1174650310566 59.159677303067 27.1625773607209 21.8765718188784 25.9819484005373 24.0823100420562 21.2482473079086 58.2107414350912 61.2888015803199 61.1222861630174 24.8537815579106 60.5797200737485 59.6533981824525 59.4520019955678 22.6654656221756 56.7014060320759 58.1749760169462 55.5566051208595 58.5803560492884 57.0173441531018 24.9820147608371
10.6647369419911 9.00847811388434 8.79462187069029 62.0834036102696 60.4981192082973 9.12811956111382 57.6993823695106 55.337388154412 56.3222894703648 54.5587108218857 55.959026795609 4.24341356455247 58.5285933606006 12.364302115799 7.16358408337965 57.5830564257862 6.12362436582692 10.9697145599006 8.22736202531492 4.99561204233005 5.13612752668666 129.695284810434 132.643166592646 131.269960666786 60.0390008222506 59.0577851200664 66.9519532333121 26.9502637709023 26.8771621467078 62.9580390291497 63.9391513727364 27.0157232865498 24.5419598628737 26.6302655988059 29.2961513404577 64.86839673738 62.5294193514469 59.7427313890903 58.0347942528664 58.8539600311621 57.3461610922053 17.3426872174133 55.8421755486777 58.3218957854359 5.70753253156307 63.4880046720732
11.0919509507691 9.49577235133338 8.19261506814718 59.1674055901997 11.629205485032 57.6243100288555 18.3495150864577 19.0811567524729 54.7006153896659 53.9961271592794 57.4631284144227 7.01413032801759 59.5930562886628 10.1053511286412 56.468120945206 9.22731608623195 63.4347249180831 59.4154112772916 5.52850803053664 5.40712871906413 6.2102765802881 129.419559159644 77.5071667045046 131.507846039743 56.8620949619443 59.0073316560987 59.1000947178862 60.0607777760529 58.7991058854096 59.8296428355114 26.6776032658075 26.6076168428977 27.135836609344 64.4231858615971 11.1360735359558 62.5240897282652 11.2545505163434 8.09297344403663 54.4086951181057 55.6508257901529 8.90417703324946 59.6559063133653 19.4462358502733 20.6689332845025 58.7408678977213 61.8164950124601
11.8934430276891 8.38816949921054 5.91520038520385 5.95436766274553 59.2738942356873 59.4314783750794 20.9949333680987 56.4233775199433 59.0084702086667 55.7090679281729 55.3554044054311 57.8587373592145 21.7037312091952 8.11010338378675 7.07942981522771 9.36743253727752 7.28227900675555 6.3384840943163 54.9222018901595 58.0900737069112 60.1987068681643 82.161367164922 81.0613716414559 79.3074504149423 6.11654247966835 58.4478149770168 24.7719548666647 63.2059575733882 62.6481791281638 63.1642032206945 63.6529019274448 29.1844096578399 29.8193516470504 70.319074625021 15.2984620749252 9.53064728183874 7.3929024199939 7.81258333581944 58.0370039696078 55.6592056323563 58.3662655466738 59.1574734319072 25.486441482011 21.5058087022558 22.9259260567614 59.5244378959212
8.67139671370164 56.7174486645902 5.8384438544755 4.61127242759308 5.61862756991118 58.6234574195369 21.920261423837 55.7815703239939 57.028739785035 20.9248864198476 21.2049212294857 55.3046253297017 57.2361953422473 5.43893559678785 58.0725536022209 57.2046613726797 57.862101692348 56.749953626169 5.83988276382221 6.42624159706135 57.6640685353928 138.229574098194 81.0683109983111 78.2714805484076 56.2859229371933 20.5269482658997 24.191901886087 60.1132429018413 59.9166624668975 59.7383433036004 24.7989382245495 65.8666978266184 32.7926276263515 65.4520385604635 13.4115137725762 14.5784141128048 56.7942658005291 19.2360796209517 19.5711706148878 60.2250907623651 60.7577475869959 27.0300783497333 28.0207429377337 22.0939303830184 57.8810585960198 60.0680408135775
5.97600053406668 4.51476254481628 56.211843143882 4.5941370964858 58.1478485497758 56.4768556781629 21.8262903710325 58.3186679328231 6.98295356467369 56.2845292596902 58.4287923618918 7.10146767662152 59.333508745046 5.12820449664556 5.33423903829063 57.8272483429863 55.4200493682959 54.6251893485886 56.750699098662 57.2508138307984 61.8795463939652 97.9498471696714 128.977669199755 77.5306077428322 58.958583408805 57.2521844206354 58.6287361510418 61.3509227514391 64.3741521949232 59.0661473088249 8.90373867935662 60.910643509209 28.0268511444378 10.6363767927323 68.4292362885576 9.53076344486245 9.83564808067369 58.5446153360445 59.1169087776169 12.6194808781413 27.3868124039741 25.0010633831239 62.1925866034565 59.4311717103047 58.1925169717187 58.8567966991032
59.8881048270177 58.5537770877439 21.301380334212 58.3185307535399 58.6612311850277 59.2950107922972 54.5381206156833 55.8029900425989 3.64912472918898 57.3748522059601 5.16796062158752 4.4672536107428 58.3277062039628 4.02720472746392 4.46358132263521 5.11010241397119 56.3827996844509 55.5072099152278 55.9603489953235 20.3245907048412 6.97251372472095 129.278752337796 91.3161064589932 127.550057785537 58.2391548910741 57.1631545222657 6.31483582840977 9.5672372067577 66.4957422258495 12.7837664358527 9.47320666298601 9.2903147217529 60.154338496841 61.3086793617315 21.2979299112037 62.1312187775618 6.94787842867059 11.7543011790444 15.1669044050492 9.78890901596572 59.8865022156631 24.9401571069412 27.9209023982253 60.9927997978153 60.0415288298396 8.03028045133742
63.3414605300923 55.3356255709994 57.745781544749 62.1000841275287 58.4908626606471 57.1547446507212 55.7891033403448 5.28063170061036 55.357039168535 55.6029435324274 5.69889209245214 55.9620030009858 55.3706120230606 5.71062804633468 4.18436314173293 55.5979533975616 4.46412662596822 22.0192535729438 18.6481039621671 21.5782238877347 58.3636821213434 128.972600855335 91.6511471521485 130.177149333709 19.8222862090187 21.7679489430993 7.37594361881309 5.6437712986384 25.3948594772597 59.3024440726512 6.6741803170755 8.69402551416862 59.4887976241712 13.0729772196065 8.31748339485855 7.28502011933592 8.10094841345025 11.0819629371905 11.5490284263995 58.0883325168032 60.7851672480625 64.05337905924 61.2304182992761 63.7609846887875 60.9240331743133 62.2578898217022
6.31951447598524 59.2437535878454 22.1641622729065 25.4281630104711 57.0143916153023 3.46517393650747 54.5383271243971 56.3492728374468 55.4681701214432 54.0951104150524 57.754322902186 53.5821666501241 2.41546955165369 5.77857269983468 7.40641395939073 58.3271201606014 19.7700230158663 20.7378827729875 21.2010046193838 58.5370924636681 58.8251141970777 78.3919986611947 92.6390966462111 130.871910614613 59.4450056430881 23.543652116862 57.4522556334236 59.4384239804046 25.2917882954818 20.8632701062105 57.6908484092668 57.6258068304686 60.9070048298112 64.1810333280871 62.452245220461 6.9730119917688 57.1695580614404 10.368691656985 9.88652897760482 61.0658760188011 23.5206853953806 58.5138761909702 61.2211903444977 61.7333434102481 59.6066772116168 58.1399405728769
9.51960657154824 60.9399799823697 25.2357268570028 22.7803283554436 57.2785988240454 4.10941595985866 56.9615202093828 57.8944050129803 57.5371639849036 55.2033606053043 55.9806286746531 5.4057944615855 8.20805440677476 6.59757126896324 9.07072550489937 59.9722878238761 24.1966841243001 22.1065921514655 24.3222389617356 25.6624021844498 56.5796107062147 78.4407042412129 92.6645553222258 131.39836759958 61.9824176012892 21.305490989413 21.3291144302342 55.5061829132296 20.6290711434666 57.892594297331 56.649782996399 55.4822096057412 55.9015564866992 19.6928484967011 58.2917896457664 23.0834893838394 61.4909974173693 58.0084031060616 61.0519630598176 8.54802467855617 60.2987333620102 57.0452868441544 56.3968298078702 56.5992686937474 18.4699736521735 19.0641132982117
61.728621531788 69.8563948680236 65.6183503394743 22.6040233185882 18.8619439653062 6.62975343194655 54.863130495115 4.29229056595375 57.713480548944 56.0016755295586 58.5621729009382 6.71126616480019 10.2436917909262 8.14965764202423 6.26391308857624 59.3436561713082 21.2169956765886 58.8173210532462 57.6416398183842 24.0665365775545 56.1429539357334 78.1866617275737 80.8691938458718 130.315010029593 59.7199547684715 19.153356044757 19.2633079682558 56.788603920486 57.2456486015283 8.73409539930566 4.02413181447012 56.3703108274042 20.9410462626179 57.4192125244774 55.0491669786004 22.9706827286264 19.6985284727827 56.1309773313054 57.3288566716626 4.53779866048433 63.42367858028 57.2691231117211 56.0098022470021 54.6049834319625 53.940721926337 18.7208703992996
11.8380303618789 66.4671572901844 62.1705401546622 57.2712038351467 58.4748009057643 58.0250093877107 3.65667456435746 4.25457974773241 57.4449421030764 60.8703175520627 7.78700117940593 12.2782579203856 17.2023350366684 9.08918894006714 60.2792090320176 58.3211008947814 23.8741911405875 58.2389367254142 6.89896136640251 57.2972764921951 58.7112886733846 127.766790961205 78.7080324585591 81.7033327496542 12.671578352847 60.9797799337537 27.8007012604884 20.5048222151065 56.7584786013089 58.1664749735599 3.52699942071026 54.2706661842423 18.7240182052959 20.1205115643244 20.3523302950492 57.3575573047838 23.4208304761209 54.9225068351573 57.1369805791637 60.6879895731721 59.4668185770912 19.3183860049071 57.8101265733222 54.9003810152216 54.6598184781268 19.463446678237
58.2025166995366 61.5382691991253 59.766363357643 57.9914370549043 60.8995326654805 20.6301132371397 54.5937303271302 2.62996015260431 6.362893616985 10.104341031151 10.8333792690573 17.4105209627519 11.334597394267 9.95417538099866 7.26135357791186 59.5426312729555 60.425364627057 57.9770424307233 6.8490900173676 7.90153610631774 5.81055039714387 94.6813036209884 132.620835003037 99.8695291298772 61.8469237919264 59.215241492177 15.3917098493194 57.5638121044011 17.8089506272513 55.8242630516842 55.0939197087084 54.3111843604775 54.806442116501 19.9012991381679 22.2945523924634 57.7868973112029 20.624408462123 59.0393775204331 4.66024181460435 7.70373441357803 5.26734800975738 55.4954386031216 20.4634621940601 22.0753422899937 55.4737684438665 57.1253455022925
56.8413704052254 60.5814983236377 61.8856007989879 57.9003734768502 57.296493456383 5.40377188911406 3.77759061556622 3.20778740132601 4.79293223689818 8.7836146981345 12.8481417429824 13.0408986739261 14.1776661785434 12.7098196260576 8.79737272048133 11.1390020889245 59.7593312417928 5.37164408162175 59.4162679272585 56.8253816558492 13.1525521918324 94.5493833516106 92.1581301815829 132.855709668988 58.5717813333166 60.9971616740151 58.0700664107325 56.6314357206542 55.0381111604234 19.9174641221128 55.1401894252679 55.5279311694775 22.9907753738178 58.1055198309479 59.1461341912688 57.8286913886518 21.1534888171312 22.6927001993366 58.8214803282283 7.93120873243862 7.03423705813642 58.8966804717301 59.1751759276477 59.5360795051542 60.526162173739 56.9492025396369
60.5817409449115 61.4580618752246 61.7430763894413 61.9031829926862 60.1597632308974 22.8826311500033 6.00567976283765 7.64381536781462 8.68931377913539 9.25698811667124 8.93751770114241 13.6208988760148 68.0149935784907 10.2504108559589 22.016287292533 59.838383363615 11.5924335128008 8.38738678168836 7.00006395720121 60.4825445817994 61.4504788272885 91.1292513441672 129.841815874918 91.8526628107974 19.666800794508 9.19311954011282 56.5210405686447 7.99483352263544 55.3307701887009 60.4553055187483 59.2437871382073 27.2326706737849 64.0025996855323 29.6356176589357 61.3457159128819 60.8166259492022 57.0761979246289 25.5319210688235 65.7995014289911 6.83073463042805 7.91050100658248 11.9590158033313 59.9530126088788 57.6669964917155 61.3942076147055 57.3652027977088
59.5567084199797 59.2340465003984 24.2086011678912 62.1760871739484 23.3240262670918 22.1422602080623 54.7084878116286 8.03887267122646 9.56877498920893 9.73448274526873 10.1463813111273 67.108807483936 63.026534070176 59.4701815600576 56.0230648133783 5.71199406874883 9.20881685396243 10.1575868208823 9.15719596308363 56.6596069641713 5.71799842448476 129.210128850591 129.071252865406 131.255613201095 54.472773382295 21.6208133619584 19.7939550851883 60.340932721569 57.8525837306463 19.5844494586999 24.5377199003836 27.0873067763334 60.5210927801538 61.4228265092358 26.4004748013223 60.6179787826575 59.4750840566681 23.968091074584 57.5508036897467 7.51960713866375 10.1037349623152 11.7271346773724 64.4196266974409 60.3434444083085 21.1327888897546 59.8225004802678
60.6996025739733 23.4698291500822 21.4708116766957 28.3605462254286 59.4928613946882 55.8614403681739 3.9075619724525 8.13508046779341 9.93793529276191 63.102856026484 62.6370979102325 62.6882137216128 62.048543945457 60.1117451373594 25.2716530710002 22.4035292102225 61.0778121507988 11.2674647777854 7.18011981350913 6.44323734501483 5.02681625570271 79.8570121942773 79.8413940106765 77.4375675835788 6.34312864602182 5.48720233758034 57.9913531520089 58.4174825484565 58.7512433857449 23.6491748219179 23.1896533047258 59.4290112500837 23.3478631231681 59.5814262036727 57.8967667510654 57.9245207145697 19.8735051913688 5.63295325519919 5.5570785340704 6.63287787214709 9.23872474685981 8.94905425125246 6.43945062076898 57.3081384723895 19.9015218854987 19.3484251507179
58.5430634337758 24.1124011762565 21.9204772415762 59.5507067633736 57.4140349822221 55.831768277387 6.54138404909306 56.9404546305823 21.3826361405706 61.0438606918253 62.2447286756234 19.7491950855464 23.4216067908425 7.01469146063835 22.1228182401159 59.9512281885109 10.4242251317783 11.1839065089402 6.53101523159804 6.80057550336687 59.2826904633488 80.4702293779542 78.9265427888082 79.1336793563198 7.0359886956648 60.8495402900175 59.3812865734458 58.616701283624 60.617614240673 4.70168499650911 22.0358548590063 25.035804553787 57.3000624458968 58.798190123639 25.627180654728 59.6584836303987 20.7936120389118 56.7189626125595 4.99152108895193 6.18408560564645 60.8111653116737 8.16274747619409 59.3537999299225 56.9040120163157 19.9722410879015 19.0595976412227
21.777335222981 61.0178930172568 22.2166391813766 25.7195256763798 60.9901509316686 58.0881019021788 56.4352533259432 23.1501975693487 25.080166430264 25.2231490786548 60.0314913780632 4.81228129923426 59.0111490466363 8.17579526334767 57.8702338562289 61.7370215372638 7.56862842965956 5.59600132329704 5.7365929153527 3.75935595511911 6.06431762159162 77.1096124731593 75.7557317803003 78.1085216407358 8.90616651816065 60.4052492726081 25.5535289444857 57.7732400066934 12.8193709250308 58.5087513071688 22.9959107363699 58.7401666129088 57.9198428232187 6.87161134301369 7.12761995294968 60.755775141153 6.38228143770123 56.9863088522266 57.8816247357714 59.4646289970831 10.4342839122158 5.230159746 56.9410446320493 57.9837810136772 56.998041356211 19.623022390286
59.3904152627952 24.8047229853686 61.3378216031451 27.6644378419928 9.5746780359902 58.9508266879753 58.0673761849239 19.9482352210353 58.0448460489023 58.7849795038491 57.3485505037081 4.16894095678722 7.51039820565456 61.480355344361 56.7636852487779 60.7274389769586 59.2437313203491 5.97825673272445 6.88481842172285 2.30969053982195 3.89849256024918 77.9175716057377 75.5217003778148 79.2254973490228 9.34904490097678 64.4614954704561 61.6733183708458 60.5310116905968 59.6652565022733 59.951307751559 21.3446494756833 5.67836653045744 6.68909814070662 8.37358008714805 69.4277324264902 62.6585715211769 55.940413217539 56.6595110585336 8.35058137043761 9.54213515476039 12.6733188127271 13.7298641990316 6.39481336840399 6.56868234214007 18.3724570817084 57.4096838588632
