project/rResults/Results/categorical.continuous.feature.asc
NCOLS 50 
NROWS 50 
XLLCORNER 0 
YLLCORNER 0 
CELLSIZE 0.5 
NODATA_value -9999 
[rows 20 to 39 of 50, columns 0 to 45 of 50]
57.745369266228 59.6544277777202 20.56176504172 24.15980062966 22.1070199487593 60.498032359926 57.6773682709063 56.0694117127682 58.8119529003137 6.35408874279243 8.19013693672401 2.22577213860356 57.0874692181741 23.0972077408995 22.0602773177586 59.3762438025504 56.6542279162636 8.69106799523613 7.45484891614675 6.01637449627056 6.86298570890405 75.2337150764745 126.365401301042 130.856247125723 60.5349968316716 59.9669561661071 7.8029342432359 7.09158874468462 5.03188580092379 5.52411882168854 58.6001935513449 59.7905647723436 57.3735704020828 61.2429851831448 68.1514183475384 62.9676806116719 57.1342203559453 60.2015272309963 7.91356837274742 59.8991243359609 10.8658558197883 10.787341548199 5.55103870295896 3.20994834836787 54.0102328833531 55.3365530697621
23.3035529790518 22.5008003308036 22.3506676285682 56.9635251663964 20.5956446518707 55.6461061572355 5.40796717940864 22.9115633179169 57.6414831389557 6.9005135814509 7.68952118374313 7.75862044880278 59.2045216833361 19.3496823755886 20.5582994977457 26.4272856713118 58.2663586082285 59.9013194325035 58.8808766751869 5.26665265497781 58.3834881323911 91.4172140895195 128.179574423759 129.513030622735 22.0690398202214 65.2091662246169 61.3528155425479 8.49586563846733 4.79733392921073 65.6307624556465 60.5804308631776 22.0243336525679 57.7834654570974 57.05565736257 59.1520430107027 58.380069604156 63.1894055986896 64.7761791176033 67.9612082400656 63.7586782346299 12.317597289524 6.80215063315454 5.00137098206158 4.4368405534092 3.58619854164023 6.35785538826636
23.6282161147158 24.8679310767663 29.2030854579133 59.9613480003968 22.3927614638539 57.3700014595409 56.6476758959143 59.1168131586231 23.1934189327162 57.1731857606579 4.89624098339058 4.13601331373081 58.82609981912 55.9535447089185 21.4834276918957 22.0408197704567 20.0494643656904 56.8977871259276 60.0639439180304 58.2637478040808 59.3655589046257 131.150792924356 77.315420010298 130.581294668874 62.6706570721669 11.8596882601178 13.1493628425088 60.3586469692859 58.85819094994 58.1067351210556 6.70798235334383 18.7567336197321 20.0086721284968 57.0208633533853 3.15020424058399 18.3751597285054 60.9829407123645 59.9986888433765 61.911758974069 61.8619281827096 63.3563826064027 10.1135971573536 8.46975194373793 5.25948615532016 2.82081086151153 5.78258380590476
20.6809606894282 21.8081195925521 60.5520945167736 57.9203820950647 21.3988534626411 20.6491525134282 20.9501730390261 67.3993940624586 58.0334133839434 20.7365912652216 5.32814894087417 56.0315146887576 57.6828187117723 59.0798261061158 57.6852282808573 59.9641359245605 58.78370668371 57.5538814148572 59.6051635436581 60.7803080091144 23.491016252082 133.868859731549 126.103694481717 129.297908276182 64.3595004653277 64.4497721661717 61.5383215866142 62.0970737307952 58.6442357687668 56.5651673740644 3.01807020219163 56.412797872732 19.2771186453698 55.5745109020269 53.3288636047604 55.2764637039775 21.0547628250466 18.6323003265437 55.663186156486 59.125188859414 59.8201423897524 63.7673627062385 7.849775982632 3.51352831408833 3.21557452317079 5.66130238522001
18.8082665194709 20.535001517368 57.9962524134251 60.7847244539322 21.4327294814889 18.7523700118537 61.0006801436298 62.2053416546463 60.8738507695111 20.7272523630609 55.6396313146869 58.0133143531356 56.6808653342571 58.0181359916051 5.93150316026982 6.80900430464347 64.4311039929575 63.7577364256017 63.6044547367417 12.1664355422984 62.59534439034 128.770106731086 89.5364785405762 91.5865740827807 20.9417821796681 24.3300975264759 63.6044964845962 55.9348042920562 6.36404263367063 56.6457899435142 56.8815006228145 55.2142368107779 19.174210901589 54.4009884149953 18.7082936411593 54.8019404518894 58.2667876986645 54.878804846341 19.019907112937 59.3634922773808 58.6823989700201 61.9931829169997 60.2723171468851 4.42122480196966 3.05004857738571 3.35458476112724
18.0393377752738 17.679847928931 55.7240177878429 57.4959045339458 57.794077285527 23.4119706551867 20.5401281893978 24.4277193908403 25.1351750619586 59.9210502610482 56.1552683197846 7.16140998351006 56.6928290704001 20.7371591463584 56.174914969481 58.596446209316 12.2640007716909 13.0996201086601 10.9671509908489 7.06725534065294 60.6557421816991 136.794260175624 130.169623105753 128.913245697873 20.6276716746461 23.8010060907663 59.7783163238744 7.2703276797422 8.96503683089494 4.63453511396236 54.5295000680457 17.2629180677438 16.326220782 18.0255463186098 53.6597082030444 54.3063695835861 56.6082334171654 56.7709730636565 18.7278941989238 18.0135066020386 57.0634577952854 20.9196502960579 58.4992592469042 3.57102393616758 52.1976497754029 53.7265470684053
91.0854965014458 90.5687890527333 128.27339465003 127.967367358794 129.21483628292 93.2421134055017 93.0008301347725 92.7093392793331 95.5073812310749 130.081769160475 130.097817076491 129.052357968661 130.137352440163 92.4168163354804 129.368270341191 133.567476183102 97.7370980929769 136.128786776649 131.752188264688 77.1870333976515 76.6781864408578 97.7056350950555 95.7740636185324 91.5272620758821 93.4970694932396 93.5763388313708 132.591639847891 131.341882807121 130.946354219207 95.6400705213415 90.7965973769085 126.354561047427 89.7007555383156 87.2106543745582 88.3120645267473 127.0908042849 75.2479298259132 129.744904032205 127.818399485357 88.7602865172126 88.7017932651809 89.9561802095327 131.311573355103 127.851879233253 127.319909801324 126.11006627544
17.2581121006122 16.5028675136925 19.0941295651757 56.8547289578024 20.9445328102224 20.1534534407822 20.8946255252669 22.0559198700617 22.6077400143975 22.665470788313 56.2026172605691 59.5344928740012 57.8546709136003 56.3549524161337 60.7429204098044 57.3755305616049 9.0422080273979 24.2762207736743 21.2716421943718 3.92696741182784 22.9062705520904 95.2907522763934 94.3064008927282 92.6044250129676 19.0149871414999 19.5063769779555 6.35427466924769 5.23568134815027 61.1721501040103 22.8667890996776 57.0561230045011 22.5935909135056 17.9062548902497 18.1479322018916 18.8317332786974 54.2607863242105 4.12750470066706 4.54053157904013 3.74494609097683 17.5638649628745 55.969961394291 59.2711679530256 57.2110944930066 18.4993064973774 20.1650808448988 56.3701043010283
57.724565604963 57.0295005334065 18.5740782939244 20.648937163722 19.5929740141183 27.2120580496008 23.6229863271215 24.0978596903545 24.8564717643998 57.2742004776628 23.9631256178979 62.3258121773825 61.3966395312182 56.3667676407915 59.5844430719223 56.9362648158393 59.9903742127162 59.7341350351743 20.5200610295233 57.5899720928962 57.7628021335826 95.3810085740313 95.1964674282727 92.8324762940008 16.6023251558034 22.1140527791137 58.5456037735332 20.857991283161 60.187004766165 63.6625363857866 57.0125746353598 57.060130511406 18.1994896673272 22.3361454106147 20.844641160721 58.0734306989336 57.9382077529351 58.4740202091522 54.9994681544902 54.5281329172009 21.0970716896865 20.4011586638827 57.933781779521 19.4509225018895 21.8857260714763 57.5849336607358
56.4861794174806 22.8898608433212 18.6724484643973 20.1864971516626 21.2772944181447 22.5071485611695 22.5873012563181 19.6818952989212 57.1182973313274 64.1698033492783 62.3179011862564 61.2664831613432 61.2497381983422 7.31570403896972 21.5934447430069 17.9015565131741 58.1697181632463 62.4459880745332 60.448217297117 60.3937940252914 22.1396331226828 128.835211102053 93.9915769047641 94.3022725870089 20.3207753208275 21.4324820125538 22.8504258951758 24.7807657634218 24.1194982152287 64.4122408683495 59.9702351427105 24.4801683976776 22.6013793234047 60.2232684983585 60.9075763122129 57.3612600278976 22.074750277699 61.0849832848901 20.0958577157593 18.5085253763268 19.0700461947964 56.3329659946205 4.89417722157797 21.9438245162008 23.2216840777186 58.4393907183473
58.6237458169857 25.3204353200466 19.6048729168908 19.2952433687706 25.276804275335 22.4480412224361 22.3882638682722 21.0346728453563 59.4592391808363 58.5713234748131 59.485874144916 58.672199016527 58.83868681517 57.5648599353455 56.5914973257071 19.3202321489237 22.2767264251505 59.108061286812 62.7320306046797 60.7762919392248 60.5576822134675 127.452809110067 94.181351273946 94.5051733849786 25.4623819208907 21.8880626255511 22.0324088762778 19.8786677952517 22.2271172011728 24.6398983434152 61.1458240227072 64.2404550161762 64.0912545300565 60.9672976109726 59.3231627202138 22.3109820424472 60.8177346644528 20.9309456864428 19.6488777071678 55.9048174520996 54.1538917242229 55.7815289855295 56.911688825615 22.9026258502121 19.9458775365566 20.9493708570702
56.3369358360486 19.5481821483178 18.5169737157276 18.1769151250476 21.8510952122882 24.2559045465589 18.7516792722835 18.8999565366433 19.6727127162157 57.8896487018325 21.3959712554047 59.2914342901799 61.0568128754246 56.7203268086798 18.5996044569627 16.8174720970485 22.129007453128 62.1848859857521 64.3575540974492 22.3903225812408 56.8581337048576 93.5683045331115 95.3018798754879 92.5388380571055 24.2785980244208 22.1552435424924 57.7958215818719 55.3143773266982 60.7346073053578 24.1420079819244 64.767605025183 69.9069292008911 27.7522747075717 30.6394841131535 22.8110105031047 19.677759946227 22.1274721297556 23.5385424705564 19.4929245799067 58.8222157679363 5.12557818169037 54.632313840099 56.2973623739369 22.6492152187499 56.9134602297795 18.9737229475559
56.4186989557424 21.9105120951545 21.7327145878849 18.6546780091244 22.2629085909608 20.968707603441 20.173945258825 17.3306101770419 19.8597693167728 21.6945657035106 22.14985202505 55.9570590829241 60.8372036709097 22.2549905869888 21.3969083933974 19.9967435201608 59.5752743700508 59.7842088979696 62.1794975710012 58.6140191522995 59.8028095917396 94.5212810721052 92.469809501497 92.6945814146637 23.8215908681997 23.7723359673818 56.8654192932636 5.75130220789856 57.5743119638332 60.2484443850868 7.75119998656853 62.3186573724765 28.8200270196731 23.1064332747343 23.8515486226321 60.8713078312316 58.335288180196 58.7159003739638 20.1796974765958 57.7784928435092 18.7433854461243 55.8659899309371 20.0579308434351 62.1454139036569 20.47177795744 20.3679879235339
56.8172261396998 20.7151493395753 21.1187339346904 17.5769271478931 18.6319074391967 19.0428495377675 20.1323842974 18.404304755006 19.9213234716009 18.6734040130665 19.9767911450253 56.8505691127226 20.5917330114044 22.3480418782288 21.9914823419468 56.9690509221139 59.7633459680649 60.1782106242444 60.1176212897492 58.6619712596188 57.3206903297683 90.6163047891299 130.038856793446 94.0141460559029 23.5187850064658 55.7120561068634 7.05182983809571 59.6655021674261 57.7449976321482 57.8534459117526 55.7297364576328 25.2746209478794 24.6184834936799 23.1995931220873 59.3668624677217 56.4354148930155 24.3969760474733 59.1132549138549 22.2119991149325 56.4714357405768 55.8226405620843 18.6316602579856 19.2763754529768 59.2766052414199 24.1338030412228 20.298886640278
10.82099508527 60.3277819168392 55.846137086325 18.1609388335626 20.3091912770203 19.9438887115362 18.5480037626275 20.107184225368 20.1606563391534 19.7804755174544 19.7649864942727 19.0439091776409 56.3644695506565 20.9510408149142 23.3169221661338 57.7851753137559 8.72855206214131 58.6599086704716 57.1578713915365 56.9878936709222 58.549962221684 77.7390412541228 91.1654221063441 130.304264795309 20.718695491094 53.976985774474 57.5871425903601 58.4804097607526 7.62078923578117 20.6958868154389 57.2224032043717 58.2903856183912 21.6426362779738 19.3379397794684 19.6675594273748 19.2123249118403 22.3012419383338 25.2948777607777 22.0673061821607 20.6553363134352 21.6330639426007 57.0933803508351 19.7892029141092 19.6959160029532 20.4715388119737 21.5705858828982
6.08820279279332 57.8310926128075 60.5458027303885 19.0079923251625 18.8095338035215 20.7720503418094 22.940483536889 20.5559603065746 18.3593186256255 17.7580149532733 55.7012895576868 54.8594083815188 4.45855934031354 59.1324131850486 23.2480246067348 59.1661133670208 56.5680999555149 58.8706178542172 55.914949866768 8.09705297413449 58.11473694289 131.273306952666 128.573086860238 127.103783448137 20.3731078813211 54.3205721069494 54.7576606454423 59.4500608863149 24.5888227997684 57.7011879086222 23.9098712335089 22.1225311928966 20.0507245974101 19.8652500734253 20.434793872659 23.0953999852404 19.7450291784799 20.0986390476599 21.9964871852768 22.5056874901467 3.40986208629558 57.3366331241866 58.4847577109529 56.4400031312249 20.4709112432311 57.0893182803646
6.62853267976888 56.6992016291186 9.25831402645087 21.5770785989152 21.5321388799965 23.887385919424 21.3622342406833 21.0123261954318 17.9225124484377 53.9596709578938 17.8223019213771 5.31264860529792 4.04089455025209 57.4794600855655 57.7218494755267 54.6651104170007 56.6241812600211 58.8264587462589 22.8603733861981 64.5650599146005 8.4481249901822 95.4409857383865 127.925369118731 91.5647675350626 18.4197565293983 22.8034121257634 54.820233880989 21.1768109067729 60.8647558288639 59.7017143456999 63.1959621852604 21.6891563340029 54.0504871359908 58.3201113786024 60.7582680880589 61.5855710869625 57.2870963287343 19.3896931013494 57.8009813609465 60.6638141115633 5.97155867345547 56.9858450189736 61.5766541416085 61.6231878811088 8.40696959993008 55.9211902248908
56.7341040577605 59.0292363037625 8.22079684682847 7.08809595218021 59.3311964191443 62.6079701335996 21.4003632181303 59.8877669931598 57.7842359418807 3.32061524819926 2.64317702739107 6.40735616937504 5.07996141034237 60.3165608316636 56.9112734776069 55.0967001657052 4.34243969690137 59.1987059245129 59.5710877354134 9.68484308231895 58.3334762806469 129.314501805592 126.346528102407 129.691105252614 59.1083917728918 58.5132822065831 58.255894222372 58.8130687682054 59.260337070535 59.7586714468822 24.0304527500403 56.790500763848 62.1389766305626 59.0207137462547 58.1165859247502 58.5212511452121 60.2237853446902 20.9256783756926 56.3800355661827 59.1337751710692 58.3784897606926 60.3466132863106 60.4536608281403 58.8646216826636 58.6867588132303 54.5062971664621
55.0974996133246 54.3582681149068 8.48299551344091 5.92597155035837 6.03787434362784 8.71591084484162 59.1794176378987 23.6544886939927 60.5707464664882 55.3045115391086 3.59018814058242 5.19001106562677 57.6039773637376 20.9452603024202 22.2852006360614 55.7154761615324 56.2021690410016 57.9534451897077 7.55297634882058 5.28000688606933 57.309420557299 81.3366887786144 131.011135216415 132.497918476631 59.3677465473749 59.3252179605327 61.8765592964637 61.4111244335172 60.1748901149171 23.6735614857786 23.361641201091 58.397658718987 54.4910823460435 57.5544389807794 57.309498121125 21.2638865754588 58.204413246069 21.1148675688737 55.1958835130171 55.0252800244329 56.2032770458555 60.2022524693097 59.8442092643697 60.5280322632731 59.4936897092255 58.2184701325207
55.2172486532274 6.07437828698456 8.29831985034869 8.43310263317895 12.0178045953846 8.51902454675399 7.7336582488208 62.4090204054835 18.0418986466106 58.1729625458327 59.4025572692543 57.212212123764 58.3150694047199 56.5060564867944 58.9784655350714 54.1649632163517 20.5102624160073 56.5826661080675 58.6569263406828 58.6123917616546 6.16918784920055 80.1920290191801 81.8525448766051 82.7578601900805 8.37202695302915 64.6681438947196 62.3116970513716 26.5981456420975 26.7330669169956 23.8745187979216 24.327928760671 62.2164497740432 26.0017042244082 12.9520434561486 60.836891373015 21.9016821585482 22.3478260997551 20.2767748392159 19.0399847990731 56.2071724215042 6.02230398420231 7.11272924187301 57.1791337178661 55.4041916808406 57.9587014803941 62.0981875432747
